PersonID
56
58
119
164
173
469
518
644
679
730
739
746
774
780
822
933
945
1076
1079
1096
1154
1185
1217
1309
1310
1315
1384
1414
1418
1576
1701
1734
1772
1923
1937
1975
1987
1992
1998
2152
2222
2332
2350
2365
2487
2507
2872
2896
2988
3242
3291
3293
3673
3884
3918
3940
3964
3971
4065
4073
4089
4117
4122
4152
4154
4307
4458
4459
4462
4463
4508
4542
4615
4628
10820
10922
10963
10990
11003
11030
11039
11091
11137
11164
11165
11189
11206
11214
11302
11349
11353
11436
11527
11527
11535
11548
11558
11653
11653
11670
11756
11771
11789
11851
11865
11898
12219
12228
12295
12295
12298
12364
12400
12431
12454
12539
12565
12633
12635
12802
12803
12808
12826
12911
12979
13000
13007
13015
13088
13124
13294
13302
13302
13317
13340
13343
13345
13349
13354
13355
13356
13369
13378
13383
13412
13414
13415
13419
13424
13430
13444
13445
13447
13466
13479
13486
13487
13489
13504
13509
13512
13515
13521
13529
13530
13553
13553
13557
13564
13580
13589
13605
13607
13607
13619
13621
13632
13635
13636
13645
13659
13661
13666
13668
13692
13703
13708
13713
13715
13731
13737
13752
13754
13759
13766
13768
13772
13773
13786
13793
13794
13808
13826
13834
13835
13842
13844
13849
13851
13858
13860
13861
13876
13877
13878
13882
13886
13890
13905
13907
13945
13967
13971
13972
13974
13983
13990
13991
14001
14003
14006
14007
14017
14018
14060
14079
14081
14088
14092
14102
14103
14114
14121
14127
14143
14163
14172
14176
14178
14181
14186
14191
14194
14209
14212
14216
14225
14228
14243
14253
14254
14255
14257
14259
14260
14262
14268
14272
14274
14300
14302
14317
14325
14335
14339
14342
14345
14353
14359
14376
14382
14382
14388
14391
14394
14421
14440
14446
14454
14456
14457
14467
14469
14472
14477
14479
14483
14495
14508
14531
14534
14538
14544
14576
14576
14583
14586
14588
14593
14595
14600
14608
14614
14616
14646
14652
14656
14670
14693
14707
14711
14727
14764
14766
14774
14904
14908
14955
14959
14997
15006
15016
15019
15020
15021
15022
15023
15025
15026
15026
15036
15038
15040
15084
15092
15099
15105
15137
15150
15152
15161
15164
15175
15179
15199
15206
15213
15225
15245
15254
15258
15274
15345
15345
15355
15370
15377
15392
15394
15403
15407
15415
15430
15431
15462
15476
15479
15481
15501
15503
15506
15509
15512
15515
15533
15536
15538
15544
15544
15557
15563
15564
15568
15579
15583
15613
15613
15620
15661
15667
15669
15673
15686
15696
15698
15701
15732
15737
15801
15804
15822
15826
15830
15833
15843
15844
15849
15856
15878
15890
15895
15898
15920
15921
15923
15928
15929
15932
15935
15956
15964
15974
15976
15980
15981
15983
15985
15987
15989
15991
15993
16009
16011
16015
16031
16041
16068
16073
16084
16145
16160
16169
16173
16184
16213
16214
16226
16244
16245
16247
16248
16274
16278
16303
16312
16326
16328
16331
16346
16356
16360
16363
16365
16367
16378
16378
16379
16382
16391
16399
16400
16400
16404
16406
16408
16415
16427
16439
16442
16447
16462
16473
16482
16485
16486
16487
16494
16519
16523
16535
16560
16567
16574
16576
16582
16583
16586
16597
16602
16614
16616
16618
16620
16622
16627
16631
16634
16636
16636
16638
16639
16639
16643
16646
16651
16670
16672
16674
16678
16682
16685
16703
16711
16719
16729
16744
16749
16752
16756
16759
16773
16774
16813
16814
16816
16825
16827
16830
16845
16857
16861
16863
16874
16880
16890
16893
16894
16899
16911
16922
16935
16948
16954
16955
16963
16975
16979
16984
16986
16988
16999
17015
17020
17023
17024
17025
17027
17032
17034
17036
17049
17051
17051
17057
17059
17062
17066
17070
17077
17087
17089
17103
17114
17116
17117
17126
17128
17139
17144
17144
17145
17145
17149
17162
17165
17173
17180
17195
17197
17203
17207
17222
17226
17231
17235
17241
17249
17252
17254
17256
17265
17285
17288
17310
17311
17321
17324
17344
17348
17348
17351
17380
17382
17383
17387
17389
17397
17414
17416
17419
17428
17429
17434
17435
17437
17442
17447
17457
17459
17466
17467
17468
17480
17483
17486
17487
17488
17493
17496
17498
17500
17514
17517
17534
17552
17555
17558
17559
17564
17571
17574
17577
17579
17580
17583
17585
17595
17597
17598
17603
17610
17613
17623
17625
17626
17629
17631
17637
17645
17648
17654
17700
17702
17723
17726
17727
17729
17742
17751
17756
17762
17765
17781
17795
17797
17802
17807
17828
17841
17844
17850
17853
17856
17858
17863
17869
17875
17888
17893
17897
17899
17911
17916
17922
17944
17949
17956
17958
17960
17962
17970
17976
17981
17985
17991
18000
18009
18033
18035
18040
18047
18049
18057
18065
18069
18072
18080
18087
18098
18102
18104
18105
18108
18117
18122
18125
18129
18145
18150
18153
18179
18180
18181
18187
18203
18210
18223
18228
18229
18243
18250
18250
18256
18259
18263
18270
18274
18277
18281
18285
18289
18293
18295
18301
18303
18304
18304
18306
18308
18312
18315
18322
18323
18327
18332
18336
18341
18345
18359
18388
18390
18407
18415
18422
18431
18437
18443
18446
18448
18460
18465
18474
18481
18483
18487
18489
18498
18521
18523
18528
18530
18534
18543
18547
18551
18552
18560
18562
18568
18575
18578
18582
18592
18602
18605
18620
18624
18636
18636
18638
18639
18653
18655
18657
18657
18664
18665
18670
18671
18674
18677
18681
18683
18688
18691
18698
18712
18718
18720
18728
18731
18739
18742
18749
18749
18762
18763
18767
18771
18772
18777
18782
18784
18789
18791
18793
18798
18801
18804
18807
18808
18811
18814
18830
18838
18845
18846
18866
18871
18873
18875
18877
18885
18889
18892
18899
18900
18900
18910
18911
18914
18920
18921
18926
18935
18940
18943
18946
18950
18957
18964
18965
18966
18968
18971
18973
18975
18977
18980
18988
18996
18997
18999
19001
19003
19015
19024
19027
19031
19032
19034
19041
19046
19048
19049
19056
19072
19093
19094
19095
19100
19103
19107
19110
19114
19127
19129
19132
19136
19138
19141
19155
19159
19181
19187
19189
19193
19197
19199
19203
19211
19218
19233
19251
19253
19254
19254
19260
19264
19282
19285
19288
19296
19301
19303
19337
19339
19342
19365
19372
19375
19376
19380
19392
19394
19406
19411
19414
19421
19423
19429
19435
19439
19449
19462
19465
19467
19479
19482
19502
19503
19504
19508
19516
19522
19535
19546
19561
19568
19572
19577
19584
19586
19596
19601
19605
19606
19612
19614
19617
19617
19631
19634
19635
19645
19647
19660
19671
19675
19681
19695
19706
19709
19713
19714
19722
19726
19728
19735
19748
19748
19760
19772
19776
19798
19800
19801
19844
19859
19861
19863
19910
19935
19942
19943
19946
19948
19951
19955
19957
19959
19960
19967
19971
19984
19987
19991
19996
20021
20022
20024
20042
20048
20049
20050
20062
20080
20082
20084
20088
20090
20091
20093
20096
20100
20103
20119
20129
20153
20155
20159
20170
20179
20181
20183
20186
20187
20191
20194
20196
20202
20204
20210
20212
20233
20249
20252
20253
20258
20262
20269
20269
20276
20279
20361
20364
20377
20381
20384
20398
20401
20404
20407
20411
20412
20413
20419
20440
20473
20482
20492
20494
20495
20499
20501
20513
20525
20527
20547
20550
20560
20570
20574
20577
20578
20582
20586
20589
20592
20593
20596
20598
20606
20613
20633
20663
20668
20709
20712
20741
20743
20756
20757
20759
20761
20770
20771
20777
20779
20782
20785
20792
20794
20796
20804
20818
20820
20824
20826
20828
20829
20838
20844
20847
20850
20855
20863
20869
20871
20873
20875
20877
20881
20888
20889
20893
20899
20902
20906
20919
20921
20924
20931
20939
20943
20946
20950
20954
20956
20957
20959
20961
20966
20967
20968
20975
20976
20978
20981
20984
20986
20988
20990
21003
21005
21025
21028
21028
21037
21054
21065
21068
21096
21098
21100
21102
21108
21118
21125
21129
21131
21133
21149
21152
21165
21165
21169
21170
21181
21183
21184
21189
21201
21207
21221
21223
21228
21241
21243
21245
21248
21260
21273
21275
21276
21284
21286
21290
21313
21321
21323
21333
21338
21343
21348
21372
21376
21377
21384
21406
21409
21415
21429
21430
21433
21434
21437
21446
21462
21465
21469
21471
21480
21481
21524
21545
21554
21570
21581
21587
21591
21593
21603
21627
21633
21635
21636
21638
21641
21654
21656
21658
21660
21689
21715
21718
21734
21735
21738
21741
21750
21756
21761
21768
21770
21777
21778
21787
21788
21793
21794
21800
21803
21806
21812
21821
21845
21846
21857
21863
21865
21882
21883
21883
21886
21891
21899
21901
21928
21930
21947
21950
21951
21959
21960
21985
21990
21991
21993
21994
21996
22000
22009
22018
22031
22037
22045
22047
22049
22057
22060
22062
22066
22068
22087
22089
22094
22096
22097
22099
22102
22103
22105
22107
22110
22112
22124
22125
22126
22128
22130
22140
22143
22149
22153
22159
22165
22176
22196
22198
22200
22204
22216
22227
22228
22238
22249
22250
22255
22269
22275
22286
22294
22299
22302
22328
22336
22339
22347
22368
22369
22370
22379
22389
22401
22406
22411
22432
22435
22438
22461
22496
22498
22500
22502
22504
22508
22521
22522
22525
22532
22533
22534
22539
22540
22546
22548
22550
22551
22551
22552
22560
22563
22568
22586
22613
22635
22641
22644
22648
22650
22660
22661
22671
22677
22698
22702
22705
22707
22709
22710
22711
22714
22715
22718
22722
22723
22726
22728
22748
22749
22759
22760
22770
22772
22773
22774
22776
22801
22805
22808
22817
22824
22827
22841
22842
22844
22847
22847
22864
22866
22870
22874
22875
22881
22884
22893
22898
22899
22900
22902
22904
22912
22913
22915
22925
22930
22933
22935
22937
22938
22953
22964
22966
22970
22972
22974
22981
22998
22999
23002
23004
23010
23015
23017
23020
23022
23027
23031
23035
23059
23065
23067
23069
23081
23082
23085
23085
23086
23089
23089
23090
23093
23094
23107
23108
23118
23122
23129
23130
23131
23134
23135
23140
23141
23148
23152
23157
23188
23196
23213
23215
23224
23229
23232
23246
23248
23252
23257
23259
23265
23276
23285
23286
23288
23296
23300
23303
23307
23309
23326
23340
23341
23342
23345
23348
23349
23358
23376
23378
23381
23388
23392
23400
23404